
n =

     5

adiabatic evolution
system size #5
energy per site of control target -9.997962e-01
fidelity bound for ground state of control target 9.994905e-01
optimization
                                            First-order      Norm of
 Iter F-count            f(x)  Feasibility   optimality         step
    0       1    1.127395e+00    0.000e+00    1.494e-01
                                            First-order      Norm of
 Iter F-count            f(x)  Feasibility   optimality         step
    0       1    1.052176e+00    0.000e+00    1.752e-01
    1       2    1.097618e+00    0.000e+00    1.639e-01    1.699e-01
                                            First-order      Norm of
 Iter F-count            f(x)  Feasibility   optimality         step
    0       1    1.130267e+00    0.000e+00    4.958e-02
                                            First-order      Norm of
 Iter F-count            f(x)  Feasibility   optimality         step
    0       1    1.177001e+00    0.000e+00    1.439e-01
    1       2    1.007277e+00    0.000e+00    1.692e-01    4.123e-01
    1       2    9.416283e-01    0.000e+00    1.533e-01    3.392e-01
    2       3    8.905385e-01    0.000e+00    1.317e-01    1.144e+00
    1       2    9.657634e-01    0.000e+00    4.084e-02    3.986e-01
    2       3    8.809889e-01    0.000e+00    3.362e-02    3.839e+00
    3       4    7.509796e-01    0.000e+00    3.169e-02    1.457e+00
    3       4    8.716331e-01    0.000e+00    4.048e-02    6.783e+00
    2       4    6.566114e-01    0.000e+00    5.217e-02    2.010e+00
    3       5    4.792270e-01    0.000e+00    6.541e-02    7.349e-01
    2       4    7.458699e-01    0.000e+00    1.902e-01    1.497e+00
    3       5    6.101873e-01    0.000e+00    1.431e-01    4.310e-01
    4       5    6.131259e-01    0.000e+00    4.443e-02    7.310e-01
    4       7    7.698908e-01    0.000e+00    3.543e-02    1.966e+00
    4       6    4.025598e-01    0.000e+00    3.117e-02    4.213e-01
    5       8    5.107466e-01    0.000e+00    1.368e-01    1.053e+00
    6       9    4.527017e-01    0.000e+00    1.295e-01    8.098e-01
    4       8    3.668187e-01    0.000e+00    1.138e-01    1.289e+00
    5       9    2.828780e-01    0.000e+00    5.834e-02    4.610e-01
    5       8    2.740944e-01    0.000e+00    3.824e-02    1.168e+00
    6       9    2.164008e-01    0.000e+00    3.675e-02    8.892e-01
    6      10    2.368654e-01    0.000e+00    1.239e-01    6.662e-01
    7      11    2.121399e-01    0.000e+00    4.645e-02    2.377e-01
    5      10    6.736984e-01    0.000e+00    5.775e-02    1.054e+00
    7      10    1.758417e-01    0.000e+00    1.821e-02    4.158e-01
    8      11    1.563914e-01    0.000e+00    1.926e-02    3.325e-01
    7      10    3.746279e-01    0.000e+00    5.606e-02    6.316e-01
    8      11    3.591420e-01    0.000e+00    1.806e-01    5.155e-01
    6      12    6.560610e-01    0.000e+00    1.831e-01    2.321e+00
    7      13    5.781038e-01    0.000e+00    8.329e-02    1.849e+00
    9      12    3.125133e-01    0.000e+00    2.739e-02    2.796e-01
   10      13    2.897005e-01    0.000e+00    2.688e-02    3.483e-01
    8      12    1.920092e-01    0.000e+00    2.168e-02    2.807e-01
    9      13    1.693203e-01    0.000e+00    7.160e-02    4.846e-01
    9      12    1.260731e-01    0.000e+00    1.837e-02    8.524e-01
   10      13    1.130714e-01    0.000e+00    4.101e-02    7.355e-01
   10      14    1.442273e-01    0.000e+00    7.445e-02    6.001e-01
   11      15    1.289794e-01    0.000e+00    2.494e-02    6.405e-01
    8      14    4.411299e-01    0.000e+00    9.482e-02    1.416e+00
    9      15    3.486602e-01    0.000e+00    2.830e-02    9.563e-01
   11      14    8.811804e-02    0.000e+00    1.077e-02    2.478e-01
   12      15    7.565869e-02    0.000e+00    5.460e-03    3.650e-01
   11      14    2.650477e-01    0.000e+00    3.629e-02    3.750e-01
   12      15    2.310328e-01    0.000e+00    2.781e-02    8.717e-01
   10      16    2.783448e-01    0.000e+00    6.316e-02    1.159e+00
   11      17    1.944583e-01    0.000e+00    1.589e-02    5.567e-01
   12      16    1.195597e-01    0.000e+00    2.440e-02    2.682e-01
   13      17    1.147309e-01    0.000e+00    6.832e-03    2.470e-01
   13      16    7.170829e-02    0.000e+00    1.208e-02    1.877e-01
   14      17    6.834971e-02    0.000e+00    9.647e-03    2.467e-01
   14      18    1.080415e-01    0.000e+00    1.296e-02    5.917e-01
   15      19    1.039219e-01    0.000e+00    1.637e-02    2.106e-01
   12      18    1.600252e-01    0.000e+00    1.509e-02    8.944e-01
   13      19    1.315416e-01    0.000e+00    4.754e-02    5.378e-01
   13      16    2.095403e-01    0.000e+00    1.265e-01    3.499e-01
   14      20    1.134685e-01    0.000e+00    1.397e-02    3.464e-01
   15      21    1.040723e-01    0.000e+00    1.239e-02    3.350e-01
   15      18    6.617192e-02    0.000e+00    4.584e-03    1.753e-01
   16      19    6.394595e-02    0.000e+00    3.318e-03    1.983e-01
   14      19    2.061979e-01    0.000e+00    3.715e-02    2.426e-01
   15      20    1.953762e-01    0.000e+00    2.442e-02    2.742e-01
   16      20    9.813390e-02    0.000e+00    5.614e-03    3.785e-01
   17      21    9.546646e-02    0.000e+00    1.891e-02    5.035e-01
   16      22    9.523960e-02    0.000e+00    3.128e-02    4.072e-01
   17      23    8.772029e-02    0.000e+00    7.573e-03    3.895e-01
   17      20    6.155471e-02    0.000e+00    1.297e-02    3.524e-01
   18      21    5.933114e-02    0.000e+00    7.035e-03    2.063e-01
   16      21    1.890619e-01    0.000e+00    2.670e-02    1.125e-01
   17      22    1.809736e-01    0.000e+00    1.163e-02    2.106e-01
   18      22    9.221396e-02    0.000e+00    2.528e-02    2.619e-01
   19      23    9.037824e-02    0.000e+00    9.321e-03    7.820e-02
   19      22    5.737432e-02    0.000e+00    3.646e-03    1.409e-01
   20      23    5.557796e-02    0.000e+00    4.259e-03    2.322e-01
   20      24    8.823860e-02    0.000e+00    4.753e-03    2.461e-01
   21      25    8.655354e-02    0.000e+00    6.339e-03    2.332e-01
   18      24    8.345952e-02    0.000e+00    1.036e-02    1.965e-01
   19      25    7.836414e-02    0.000e+00    6.360e-03    3.262e-01
   18      23    1.722725e-01    0.000e+00    1.339e-02    3.903e-01
   19      24    1.651646e-01    0.000e+00    1.512e-02    5.238e-01
   20      26    7.232861e-02    0.000e+00    4.972e-03    6.169e-01
   21      27    6.988275e-02    0.000e+00    1.892e-02    6.235e-01
   21      24    5.441462e-02    0.000e+00    4.072e-03    2.726e-01
   22      25    5.337499e-02    0.000e+00    8.765e-03    1.716e-01
   22      26    8.452673e-02    0.000e+00    1.021e-02    5.110e-01
   23      27    8.347807e-02    0.000e+00    1.292e-02    4.247e-01
   20      25    1.547347e-01    0.000e+00    1.365e-02    2.292e-01
   21      26    1.433505e-01    0.000e+00    1.588e-02    3.924e-01
   22      28    6.631967e-02    0.000e+00    4.963e-03    1.321e-01
   23      29    6.406437e-02    0.000e+00    5.559e-03    1.594e-01
   23      26    5.253652e-02    0.000e+00    3.053e-03    1.907e-01
   24      27    5.156184e-02    0.000e+00    6.519e-03    2.979e-01
   22      27    1.371089e-01    0.000e+00    3.449e-02    4.763e-01
   23      28    1.308834e-01    0.000e+00    1.819e-02    2.560e-01
   24      28    8.259280e-02    0.000e+00    3.291e-03    1.038e-01
   25      29    8.224116e-02    0.000e+00    9.247e-03    4.199e-02
   25      28    5.045032e-02    0.000e+00    3.248e-03    2.630e-01
   26      29    4.953883e-02    0.000e+00    2.108e-03    1.461e-01
   26      30    8.088138e-02    0.000e+00    2.203e-02    2.369e-01
   27      31    7.939857e-02    0.000e+00    2.838e-02    3.571e-01
   24      30    6.113727e-02    0.000e+00    1.043e-02    3.317e-01
   25      31    5.810123e-02    0.000e+00    5.915e-03    4.249e-01
   24      29    1.267528e-01    0.000e+00    1.506e-02    1.437e-01
   25      30    1.215640e-01    0.000e+00    2.288e-02    2.937e-01
   28      32    7.698490e-02    0.000e+00    3.191e-02    5.731e-01
   29      33    7.423454e-02    0.000e+00    2.679e-02    8.242e-01
   26      32    5.643170e-02    0.000e+00    1.710e-02    2.228e-01
   27      33    5.489814e-02    0.000e+00    3.042e-03    1.847e-01
   27      30    4.916932e-02    0.000e+00    6.956e-03    2.205e-01
   28      31    4.835405e-02    0.000e+00    5.252e-03    6.231e-02
   26      31    1.142899e-01    0.000e+00    1.446e-02    3.643e-01
   27      32    1.063606e-01    0.000e+00    1.282e-02    7.494e-01
   28      34    5.427267e-02    0.000e+00    3.645e-03    1.059e-01
   29      35    5.300388e-02    0.000e+00    6.400e-03    2.038e-01
   29      32    4.811493e-02    0.000e+00    3.889e-03    3.799e-02
   30      33    4.762513e-02    0.000e+00    5.247e-03    1.510e-01

   28      33    1.013627e-01    0.000e+00    3.307e-02    4.865e-01
   29      34    9.488561e-02    0.000e+00    1.030e-02    1.482e-01
   30      34    6.625289e-02    0.000e+00    9.549e-03    3.273e-01

                                            First-order      Norm of
 Iter F-count            f(x)  Feasibility   optimality         step
   31      36    5.806236e-02    0.000e+00    1.089e-02    6.919e-01
   32      37    5.202526e-02    0.000e+00    4.978e-02    5.206e-01
   30      36    5.164040e-02    0.000e+00    6.848e-03    3.547e-01

                                            First-order      Norm of
 Iter F-count            f(x)  Feasibility   optimality         step
   31      37    5.000077e-02    0.000e+00    4.022e-03    1.995e-01
                                            First-order      Norm of
 Iter F-count            f(x)  Feasibility   optimality         step
   31      34    4.721350e-02    0.000e+00    5.699e-03    1.824e-01
   32      35    4.673320e-02    0.000e+00    2.902e-03    1.229e-01
   30      35    9.176233e-02    0.000e+00    2.461e-02    1.519e-01

                                            First-order      Norm of
 Iter F-count            f(x)  Feasibility   optimality         step
   31      36    8.828906e-02    0.000e+00    2.003e-02    1.924e-01
   32      38    4.883017e-02    0.000e+00    2.253e-03    1.529e-01
   33      39    4.798687e-02    0.000e+00    2.400e-03    2.050e-01
   33      36    4.591181e-02    0.000e+00    2.665e-03    2.935e-01
   34      37    4.532058e-02    0.000e+00    3.064e-03    1.198e-01
   32      37    8.450903e-02    0.000e+00    1.815e-02    2.721e-01
   33      38    8.117579e-02    0.000e+00    1.402e-02    4.303e-01
   33      38    5.149122e-02    0.000e+00    1.585e-02    8.585e-01
   34      39    4.468920e-02    0.000e+00    3.014e-02    7.649e-01
   35      40    3.667737e-02    0.000e+00    7.463e-03    3.516e-01
   36      41    3.369752e-02    0.000e+00    9.243e-03    3.007e-01
   34      40    4.758052e-02    0.000e+00    2.566e-03    1.505e-01
   35      41    4.719403e-02    0.000e+00    1.785e-03    3.883e-02
   35      38    4.460068e-02    0.000e+00    5.985e-03    7.201e-01
   36      39    4.356381e-02    0.000e+00    5.250e-03    2.274e-01
   34      39    7.841767e-02    0.000e+00    3.288e-02    2.044e-01
   35      40    7.609156e-02    0.000e+00    6.700e-03    1.146e-01
   36      42    4.693204e-02    0.000e+00    1.620e-03    5.592e-02
   37      43    4.668033e-02    0.000e+00    1.754e-03    6.828e-02
   37      40    4.312413e-02    0.000e+00    3.343e-03    6.879e-02
   38      41    4.279240e-02    0.000e+00    3.581e-03    1.190e-01
   36      41    7.394681e-02    0.000e+00    6.921e-03    1.162e-01
   37      42    7.099866e-02    0.000e+00    1.021e-02    4.203e-01
   37      42    3.081482e-02    0.000e+00    5.056e-03    1.615e-01
   38      43    2.718205e-02    0.000e+00    4.568e-03    2.863e-01
   39      44    2.526562e-02    0.000e+00    6.283e-03    2.873e-01
   40      45    2.293270e-02    0.000e+00    1.332e-02    3.422e-01
   38      44    4.638204e-02    0.000e+00    9.021e-03    1.591e-01
   39      45    4.599003e-02    0.000e+00    3.127e-03    7.086e-02
   39      42    4.220190e-02    0.000e+00    3.754e-03    2.587e-01
   40      43    4.159148e-02    0.000e+00    1.309e-02    3.242e-01
   38      43    6.939567e-02    0.000e+00    2.253e-02    2.173e-01
   39      44    6.707872e-02    0.000e+00    5.855e-03    2.164e-01
   40      46    4.571162e-02    0.000e+00    1.572e-03    1.054e-01
   41      47    4.548815e-02    0.000e+00    1.526e-03    9.539e-02
   41      44    4.066592e-02    0.000e+00    3.689e-03    2.637e-01
   42      45    3.952182e-02    0.000e+00    3.028e-03    3.188e-01
   41      46    2.173336e-02    0.000e+00    4.287e-03    1.014e-01
   42      47    2.078496e-02    0.000e+00    3.563e-03    1.163e-01
   40      45    6.589685e-02    0.000e+00    5.250e-03    8.050e-02
   41      46    6.524119e-02    0.000e+00    5.387e-03    1.173e-01
   43      48    1.986055e-02    0.000e+00    2.637e-03    1.544e-01
   44      49    1.926058e-02    0.000e+00    2.975e-03    1.662e-01
   42      48    4.520042e-02    0.000e+00    1.786e-03    2.009e-01
   43      49    4.506989e-02    0.000e+00    3.156e-03    1.436e-01
   44      50    4.492224e-02    0.000e+00    1.323e-03    5.667e-02

<a href = "matlab: helpview('optim','solver_stopped_premature','CSHelpWindow');">Solver stopped prematurely</a>.

fmincon stopped because it exceeded the function evaluation limit,
<a href = "matlab: helpview('optim','max_fun_evals','CSHelpWindow');">options.MaxFunctionEvaluations</a> = 5.000000e+01.

   43      46    3.901849e-02    0.000e+00    1.371e-02    6.368e-01
   44      47    3.774535e-02    0.000e+00    5.461e-03    1.682e-01
   45      50    1.860782e-02    0.000e+00    3.163e-03    8.404e-02

<a href = "matlab: helpview('optim','solver_stopped_premature','CSHelpWindow');">Solver stopped prematurely</a>.

fmincon stopped because it exceeded the function evaluation limit,
<a href = "matlab: helpview('optim','max_fun_evals','CSHelpWindow');">options.MaxFunctionEvaluations</a> = 5.000000e+01.

   42      48    6.430550e-02    0.000e+00    6.354e-03    1.722e-01
   43      49    6.239848e-02    0.000e+00    6.452e-03    2.696e-01
   45      48    3.689292e-02    0.000e+00    3.899e-03    1.422e-01
   46      49    3.619394e-02    0.000e+00    4.811e-03    2.571e-01
   47      50    3.537261e-02    0.000e+00    2.594e-03    1.928e-01

<a href = "matlab: helpview('optim','solver_stopped_premature','CSHelpWindow');">Solver stopped prematurely</a>.

fmincon stopped because it exceeded the function evaluation limit,
<a href = "matlab: helpview('optim','max_fun_evals','CSHelpWindow');">options.MaxFunctionEvaluations</a> = 5.000000e+01.

   44      50    6.146411e-02    0.000e+00    5.492e-03    9.817e-02

<a href = "matlab: helpview('optim','solver_stopped_premature','CSHelpWindow');">Solver stopped prematurely</a>.

fmincon stopped because it exceeded the function evaluation limit,
<a href = "matlab: helpview('optim','max_fun_evals','CSHelpWindow');">options.MaxFunctionEvaluations</a> = 5.000000e+01.

                                            First-order      Norm of
 Iter F-count            f(x)  Feasibility   optimality         step
    0       1    1.860782e-02    0.000e+00    3.163e-03
    1       2    1.836905e-02    0.000e+00    2.438e-03    1.735e-02
    2       3    1.799247e-02    0.000e+00    2.543e-03    4.198e-02
    3       4    1.764986e-02    0.000e+00    4.245e-03    6.184e-02
    4       5    1.739783e-02    0.000e+00    7.632e-03    1.054e-01
    5       6    1.710611e-02    0.000e+00    2.229e-03    2.944e-02
    6       7    1.677451e-02    0.000e+00    2.426e-03    6.984e-02
    7       8    1.638746e-02    0.000e+00    3.743e-03    1.089e-01
    8       9    1.552270e-02    0.000e+00    4.596e-03    2.630e-01
    9      11    1.540916e-02    0.000e+00    6.521e-03    2.123e-01
   10      12    1.481651e-02    0.000e+00    2.593e-03    9.301e-02
   11      13    1.455271e-02    0.000e+00    1.633e-03    5.452e-02
   12      14    1.417378e-02    0.000e+00    4.793e-03    1.304e-01
   13      15    1.370361e-02    0.000e+00    6.147e-03    2.048e-01
   14      17    1.346413e-02    0.000e+00    9.415e-03    1.589e-01
   15      18    1.310985e-02    0.000e+00    3.983e-03    1.946e-01
   16      19    1.296374e-02    0.000e+00    1.683e-03    3.260e-02
   17      20    1.284274e-02    0.000e+00    3.648e-03    5.188e-02
   18      21    1.275770e-02    0.000e+00    3.653e-03    6.677e-02
   19      22    1.247265e-02    0.000e+00    1.039e-02    1.707e-01
   20      23    1.224918e-02    0.000e+00    2.105e-03    8.044e-02
   21      24    1.210944e-02    0.000e+00    2.260e-03    5.464e-02
   22      25    1.196545e-02    0.000e+00    3.998e-03    1.323e-01
   23      26    1.178627e-02    0.000e+00    2.410e-03    1.247e-01
   24      27    1.152541e-02    0.000e+00    3.232e-03    3.504e-01
   25      28    1.123881e-02    0.000e+00    1.859e-03    2.263e-01
   26      29    1.102500e-02    0.000e+00    3.292e-03    1.712e-01
   27      30    1.086901e-02    0.000e+00    2.579e-03    3.728e-01
   28      31    1.061335e-02    0.000e+00    3.163e-03    4.816e-01
   29      32    1.004070e-02    0.000e+00    2.964e-03    4.481e-01
   30      34    9.672358e-03    0.000e+00    8.633e-03    1.041e+00

                                            First-order      Norm of
 Iter F-count            f(x)  Feasibility   optimality         step
   31      37    8.755176e-03    0.000e+00    7.117e-03    2.930e-01
   32      38    7.444729e-03    0.000e+00    1.058e-02    9.937e-02
   33      39    6.191574e-03    0.000e+00    4.643e-03    2.230e-01
   34      40    5.466350e-03    0.000e+00    4.250e-03    3.050e-01
   35      41    4.684256e-03    0.000e+00    5.917e-03    2.490e-01
   36      42    3.905313e-03    0.000e+00    3.686e-03    5.287e-01
   37      44    3.295681e-03    0.000e+00    7.843e-03    1.658e-01
   38      45    3.194506e-03    0.000e+00    7.482e-03    2.301e-01
   39      46    2.460399e-03    0.000e+00    2.016e-03    1.138e-01
   40      47    2.347143e-03    0.000e+00    1.930e-03    2.977e-02
   41      48    2.202564e-03    0.000e+00    1.130e-03    5.756e-02
   42      49    2.041477e-03    0.000e+00    1.914e-03    9.491e-02
   43      50    1.883644e-03    0.000e+00    1.189e-03    8.127e-02
   44      51    1.750156e-03    0.000e+00    1.169e-03    6.361e-02
   45      52    1.625257e-03    0.000e+00    1.308e-03    1.097e-01
   46      53    1.491854e-03    0.000e+00    1.413e-03    1.079e-01
   47      54    1.355854e-03    0.000e+00    1.416e-03    1.037e-01
   48      55    1.265572e-03    0.000e+00    1.122e-03    7.485e-02
   49      56    1.219726e-03    0.000e+00    1.981e-03    4.087e-02
   50      57    1.169648e-03    0.000e+00    9.100e-04    1.265e-02
   51      58    1.114296e-03    0.000e+00    8.089e-04    3.925e-02
   52      59    1.071944e-03    0.000e+00    7.073e-04    3.422e-02
   53      60    1.019993e-03    0.000e+00    1.132e-03    7.998e-02
   54      61    9.851612e-04    0.000e+00    1.006e-03    6.311e-02

<a href = "matlab: helpview('optim','appears_unbounded','CSHelpWindow');">Problem appears unbounded</a>.

fmincon stopped because the objective function value is less than
the value of the <a href = "matlab: helpview('optim','objective_limit','CSHelpWindow');">objective function limit</a> and constraints 
are satisfied to within the value of the <a href = "matlab: helpview('optim','constraint_tolerance','CSHelpWindow');">constraint tolerance</a>.

<<a href = "matlab: createExitMsg({'optimlib:sqpLineSearch:ExitNeg3basic','fmincon'},{'optimlib:sqpLineSearch:ExitNeg3detailed','fmincon','9.851612e-04','1.000000e-03','0.000000e+00','1.000000e-06'},true,true);;">stopping criteria details</a>>
operator infidelity 9.851612e-04
state infidelity 2.413458e-03
IdleTimeout has been reached.
Parallel pool using the 'local' profile is shutting down.
uiopen('C:\Users\lehnq\TiQC-ToQC\examples\mis_nb_optm.m',1)
mis_nb_optm

n =

     5

adiabatic evolution
system size #5
energy per site of control target -9.997962e-01
fidelity bound for ground state of control target 9.994905e-01
optimization
Starting parallel pool (parpool) using the 'local' profile ...
Connected to the parallel pool (number of workers: 4).
                                            First-order      Norm of
 Iter F-count            f(x)  Feasibility   optimality         step
    0       1    8.576171e-01    0.000e+00    1.152e-01
                                            First-order      Norm of
 Iter F-count            f(x)  Feasibility   optimality         step
    0       1    1.007124e+00    0.000e+00    1.950e-01
                                            First-order      Norm of
 Iter F-count            f(x)  Feasibility   optimality         step
    0       1    1.180159e+00    0.000e+00    7.565e-02
                                            First-order      Norm of
 Iter F-count            f(x)  Feasibility   optimality         step
    0       1    8.542114e-01    0.000e+00    1.206e-01
    1       2    8.087202e-01    0.000e+00    9.760e-02    2.225e-01
    1       2    7.742259e-01    0.000e+00    6.286e-02    2.922e-01
    2       3    6.717677e-01    0.000e+00    2.668e-01    1.634e+00
    1       2    8.112428e-01    0.000e+00    1.335e-01    4.574e-01
    2       3    5.998279e-01    0.000e+00    2.264e-01    2.309e+00
    3       4    6.043313e-01    0.000e+00    1.212e-02    4.879e-01
    2       4    6.293935e-01    0.000e+00    1.182e-01    1.859e+00
    3       4    4.533741e-01    0.000e+00    1.386e-01    5.769e-01
    4       5    5.824094e-01    0.000e+00    9.946e-03    3.257e-01
    1       2    8.102858e-01    0.000e+00    8.220e-02    5.936e-01
    4       5    4.070913e-01    0.000e+00    2.133e-01    1.708e+00
    5       6    2.867570e-01    0.000e+00    1.639e-02    6.599e-01
    5       6    4.959517e-01    0.000e+00    5.888e-02    1.642e+00
    2       6    6.255334e-01    0.000e+00    6.241e-02    7.036e-01
    3       5    4.645382e-01    0.000e+00    1.445e-01    5.733e-01
    6       7    2.512569e-01    0.000e+00    3.758e-02    3.704e-01
    6       7    4.437485e-01    0.000e+00    2.165e-02    1.436e+00
    4       7    3.569513e-01    0.000e+00    3.234e-02    9.238e-01
    3       7    5.338830e-01    0.000e+00    5.923e-02    2.907e-01
    7       8    2.355385e-01    0.000e+00    7.610e-02    1.379e+00
    5       8    2.975970e-01    0.000e+00    5.028e-02    3.449e-01
    4       8    4.783892e-01    0.000e+00    7.522e-02    3.110e-01
    7       8    3.716675e-01    0.000e+00    3.924e-02    1.141e+00
    8       9    1.887164e-01    0.000e+00    1.561e-02    4.637e-01
    6       9    2.368313e-01    0.000e+00    9.128e-02    8.347e-01
    5       9    3.978157e-01    0.000e+00    8.891e-02    5.813e-01
    9      10    1.765153e-01    0.000e+00    1.612e-02    1.841e-01
    8      10    2.759687e-01    0.000e+00    2.594e-02    2.076e+00
    7      10    2.007151e-01    0.000e+00    5.984e-02    3.150e-01
    6      10    3.427594e-01    0.000e+00    4.645e-02    3.227e-01
    9      11    2.355239e-01    0.000e+00    3.222e-02    1.753e+00
   10      11    1.608241e-01    0.000e+00    3.569e-02    4.145e-01
    8      11    1.795310e-01    0.000e+00    3.084e-02    6.584e-01
    7      11    3.074225e-01    0.000e+00    3.758e-02    2.823e-01
   10      12    1.678522e-01    0.000e+00    5.341e-02    5.513e-01
    8      12    2.821655e-01    0.000e+00    3.218e-02    2.379e-01
   11      13    1.443181e-01    0.000e+00    5.081e-02    5.209e-01
    9      12    1.683354e-01    0.000e+00    8.736e-03    2.374e-01
   11      12    1.420358e-01    0.000e+00    3.902e-02    7.461e-01
    9      13    2.529336e-01    0.000e+00    2.239e-02    4.229e-01
   12      14    1.342559e-01    0.000e+00    8.702e-03    3.478e-01
   10      13    1.605260e-01    0.000e+00    1.303e-02    1.849e-01
   12      14    1.365279e-01    0.000e+00    4.457e-02    3.069e-01
   11      14    1.473615e-01    0.000e+00    7.011e-03    5.914e-01
   10      14    2.375090e-01    0.000e+00    3.534e-02    3.855e-01
   13      15    1.291346e-01    0.000e+00    7.662e-03    2.138e-01
   13      15    1.298397e-01    0.000e+00    6.805e-03    1.444e-01
   12      15    1.400655e-01    0.000e+00    1.344e-02    6.458e-01
   11      15    2.204097e-01    0.000e+00    1.970e-02    2.903e-01
   14      16    1.265974e-01    0.000e+00    7.810e-03    1.518e-01
   14      16    1.242785e-01    0.000e+00    9.478e-03    2.552e-01
   15      17    1.196115e-01    0.000e+00    8.612e-03    3.987e-01
   13      16    1.343766e-01    0.000e+00    1.800e-02    2.443e-01
   12      16    2.049503e-01    0.000e+00    3.375e-02    2.362e-01
   15      17    1.225754e-01    0.000e+00    1.818e-02    2.443e-01
   16      18    1.136973e-01    0.000e+00    2.907e-02    7.781e-01
   14      17    1.321389e-01    0.000e+00    7.194e-03    1.205e-01
   13      17    1.975899e-01    0.000e+00    2.042e-02    2.355e-01
   16      18    1.168987e-01    0.000e+00    1.115e-02    5.419e-01
   17      19    1.076357e-01    0.000e+00    1.221e-02    3.994e-01
   15      18    1.282754e-01    0.000e+00    4.817e-03    2.762e-01
   14      18    1.855221e-01    0.000e+00    1.877e-02    2.478e-01
   17      19    1.120434e-01    0.000e+00    2.268e-02    4.201e-01
   18      20    1.018568e-01    0.000e+00    2.391e-02    5.269e-01
   16      19    1.241601e-01    0.000e+00    6.002e-03    4.284e-01
   15      19    1.708257e-01    0.000e+00    3.418e-02    9.858e-01
   18      20    1.085021e-01    0.000e+00    8.844e-03    1.452e-01
   19      21    9.769840e-02    0.000e+00    1.477e-02    4.443e-01
   17      20    1.179879e-01    0.000e+00    1.534e-02    6.271e-01
   16      20    1.629201e-01    0.000e+00    3.525e-02    2.636e-01
   19      21    1.061626e-01    0.000e+00    1.393e-02    2.688e-01
   20      22    9.564196e-02    0.000e+00    9.664e-03    5.681e-01
   18      21    1.108922e-01    0.000e+00    1.284e-02    8.045e-01
   17      21    1.472545e-01    0.000e+00    3.231e-02    2.213e-01
   20      22    1.044418e-01    0.000e+00    4.552e-03    1.383e-01
   21      23    9.327633e-02    0.000e+00    4.914e-03    1.530e-01
   19      22    1.027667e-01    0.000e+00    1.206e-02    4.249e-01
   18      22    1.423120e-01    0.000e+00    2.068e-02    1.046e-01
   21      23    1.026831e-01    0.000e+00    3.714e-03    2.197e-01
   22      24    9.217217e-02    0.000e+00    4.410e-03    1.083e-01
   20      23    9.764904e-02    0.000e+00    8.872e-03    1.644e-01
   19      23    1.306880e-01    0.000e+00    1.537e-02    4.831e-01
   22      24    1.008249e-01    0.000e+00    3.302e-03    2.143e-01
   23      25    8.957593e-02    0.000e+00    3.807e-02    5.529e-01
   21      24    9.415103e-02    0.000e+00    4.935e-03    2.417e-01
   24      26    8.797058e-02    0.000e+00    4.801e-03    6.655e-01
   20      24    1.209398e-01    0.000e+00    1.643e-02    3.074e-01
   23      25    9.998384e-02    0.000e+00    7.040e-03    4.111e-01
   25      27    8.540621e-02    0.000e+00    4.255e-03    1.130e-01
   22      25    9.342906e-02    0.000e+00    2.127e-02    6.283e-01
   21      25    1.153474e-01    0.000e+00    1.618e-02    5.353e-01
   24      26    9.814507e-02    0.000e+00    2.128e-03    7.808e-02
   23      26    8.786674e-02    0.000e+00    4.320e-03    2.900e-01
   22      26    1.088522e-01    0.000e+00    1.243e-02    1.363e-01
   25      27    9.753761e-02    0.000e+00    1.921e-03    7.296e-02
   26      28    8.350539e-02    0.000e+00    2.640e-03    3.043e-01
   24      27    8.477753e-02    0.000e+00    5.883e-03    1.512e-01
   26      28    9.624359e-02    0.000e+00    4.327e-03    2.399e-01
   27      29    8.176696e-02    0.000e+00    3.841e-03    3.869e-01
   25      28    8.030738e-02    0.000e+00    1.557e-02    4.477e-01
   23      27    1.047341e-01    0.000e+00    8.917e-03    9.389e-02
   28      30    7.989002e-02    0.000e+00    2.833e-03    7.281e-01
   24      28    1.009963e-01    0.000e+00    1.058e-02    1.724e-01
   27      29    9.448614e-02    0.000e+00    4.564e-03    4.569e-01
   29      31    7.814750e-02    0.000e+00    1.097e-02    5.566e-01
   26      29    7.400014e-02    0.000e+00    7.178e-03    5.770e-01
   28      30    9.213061e-02    0.000e+00    6.883e-03    7.750e-01
   27      30    6.971325e-02    0.000e+00    1.585e-02    1.529e+00
   25      29    9.724961e-02    0.000e+00    1.455e-02    1.784e-01
   29      31    8.966697e-02    0.000e+00    4.389e-03    2.900e-01
   30      32    7.614689e-02    0.000e+00    5.729e-03    2.260e-01

   28      31    4.867484e-02    0.000e+00    1.311e-02    5.565e-01
   26      30    9.220867e-02    0.000e+00    1.677e-02    2.734e-01
                                            First-order      Norm of
 Iter F-count            f(x)  Feasibility   optimality         step
   31      33    7.374493e-02    0.000e+00    8.954e-03    4.855e-01
   27      31    8.643284e-02    0.000e+00    2.237e-02    5.944e-01
   30      32    8.493170e-02    0.000e+00    7.532e-03    1.112e+00

   29      32    3.004514e-02    0.000e+00    2.217e-02    4.480e-01
   28      32    8.255831e-02    0.000e+00    1.706e-02    4.085e-01
                                            First-order      Norm of
 Iter F-count            f(x)  Feasibility   optimality         step
   31      33    8.120415e-02    0.000e+00    1.754e-02    4.521e-01
   32      34    7.149463e-02    0.000e+00    1.053e-02    5.265e-01
   30      33    2.965822e-02    0.000e+00    1.046e-02    7.655e-01

   29      33    7.828268e-02    0.000e+00    1.167e-02    2.429e-01
   32      34    8.003601e-02    0.000e+00    8.996e-03    1.046e+00
   33      36    7.049223e-02    0.000e+00    2.168e-03    3.366e-01
   34      37    6.998869e-02    0.000e+00    1.631e-03    1.152e-01
                                            First-order      Norm of
 Iter F-count            f(x)  Feasibility   optimality         step
   31      34    2.481186e-02    0.000e+00    3.193e-02    5.042e-01
   32      35    2.317883e-02    0.000e+00    2.278e-02    1.359e-01
   30      34    7.573683e-02    0.000e+00    8.184e-03    9.932e-02

   33      35    7.919860e-02    0.000e+00    2.757e-02    4.711e-01
   34      36    7.372393e-02    0.000e+00    4.613e-03    1.712e-01
   33      36    2.179189e-02    0.000e+00    2.169e-03    9.145e-02
                                            First-order      Norm of
 Iter F-count            f(x)  Feasibility   optimality         step
   31      35    7.198407e-02    0.000e+00    8.543e-03    2.400e-01
   35      37    7.253841e-02    0.000e+00    4.387e-03    2.718e-01
   35      38    6.924091e-02    0.000e+00    4.909e-03    1.510e-01
   34      37    2.157796e-02    0.000e+00    1.991e-03    3.122e-02
   32      36    6.857102e-02    0.000e+00    9.598e-03    3.279e-01
   36      38    7.036505e-02    0.000e+00    4.455e-03    3.825e-01
   36      39    6.812216e-02    0.000e+00    6.396e-03    2.686e-01
   35      38    2.081958e-02    0.000e+00    4.998e-03    1.303e-01
   33      37    6.539287e-02    0.000e+00    1.221e-02    2.166e-01
   37      39    6.885244e-02    0.000e+00    1.634e-02    5.161e-01
   37      40    6.638251e-02    0.000e+00    1.945e-02    5.847e-01
   36      39    2.033074e-02    0.000e+00    2.991e-03    1.364e-01
   34      38    6.291517e-02    0.000e+00    8.144e-03    1.171e-01
   38      41    6.439409e-02    0.000e+00    5.707e-03    4.907e-01
   38      40    6.559043e-02    0.000e+00    4.646e-03    1.804e-01
   39      42    6.193562e-02    0.000e+00    1.070e-02    4.024e-01
   37      40    1.980300e-02    0.000e+00    2.316e-03    9.726e-02
   35      39    6.101088e-02    0.000e+00    1.200e-02    2.840e-01
   39      41    6.439224e-02    0.000e+00    7.678e-03    1.388e-01
   40      43    5.883673e-02    0.000e+00    5.486e-03    5.094e-01
   38      41    1.931186e-02    0.000e+00    1.881e-03    1.160e-01
   36      40    5.883774e-02    0.000e+00    1.011e-02    1.284e-01
   40      42    6.292130e-02    0.000e+00    8.015e-03    2.492e-01
   41      44    5.552551e-02    0.000e+00    1.071e-02    7.556e-01
   37      41    5.688968e-02    0.000e+00    1.117e-02    1.093e-01
   41      43    6.123631e-02    0.000e+00    6.275e-03    3.242e-01
   42      45    4.987004e-02    0.000e+00    1.868e-02    5.444e-01
   39      42    1.894081e-02    0.000e+00    1.509e-01    1.341e-01
   38      42    5.525391e-02    0.000e+00    2.671e-02    4.918e-01
   42      44    5.923920e-02    0.000e+00    4.390e-03    2.586e-01
   40      44    1.886870e-02    0.000e+00    2.806e-03    9.226e-02
   39      43    5.216612e-02    0.000e+00    1.126e-02    2.611e-01
   43      45    5.797138e-02    0.000e+00    3.810e-03    1.480e-01
   41      45    1.875455e-02    0.000e+00    2.067e-03    8.397e-02
   40      44    4.959010e-02    0.000e+00    7.336e-03    9.565e-02
   43      46    4.490150e-02    0.000e+00    3.810e-02    9.878e-01
   42      46    1.870281e-02    0.000e+00    2.773e-03    2.175e-01
   41      45    4.716896e-02    0.000e+00    5.627e-03    1.607e-01
   44      46    5.711105e-02    0.000e+00    5.598e-03    2.097e-01
   43      47    1.833991e-02    0.000e+00    2.322e-03    4.850e-02
   44      48    4.123485e-02    0.000e+00    3.208e-02    7.479e-01
   45      49    3.752197e-02    0.000e+00    9.146e-03    5.216e-01
   42      46    4.577108e-02    0.000e+00    7.095e-03    1.680e-01
   45      47    5.647897e-02    0.000e+00    5.608e-03    1.571e-01
   46      48    5.586409e-02    0.000e+00    1.774e-03    1.356e-01
   46      50    3.147224e-02    0.000e+00    1.380e-02    4.357e-01

<a href = "matlab: helpview('optim','solver_stopped_premature','CSHelpWindow');">Solver stopped prematurely</a>.

fmincon stopped because it exceeded the function evaluation limit,
<a href = "matlab: helpview('optim','max_fun_evals','CSHelpWindow');">options.MaxFunctionEvaluations</a> = 5.000000e+01.

   44      48    1.794614e-02    0.000e+00    2.062e-03    7.737e-02
   45      49    1.739399e-02    0.000e+00    4.067e-03    1.876e-01
   43      47    4.483436e-02    0.000e+00    7.465e-03    7.858e-02
   44      48    4.411033e-02    0.000e+00    9.818e-03    7.438e-02
   47      49    5.503983e-02    0.000e+00    3.574e-03    2.176e-01
   46      50    1.706146e-02    0.000e+00    1.199e-02    5.196e-01

<a href = "matlab: helpview('optim','solver_stopped_premature','CSHelpWindow');">Solver stopped prematurely</a>.

fmincon stopped because it exceeded the function evaluation limit,
<a href = "matlab: helpview('optim','max_fun_evals','CSHelpWindow');">options.MaxFunctionEvaluations</a> = 5.000000e+01.

   48      50    5.420485e-02    0.000e+00    6.832e-03    2.223e-01

<a href = "matlab: helpview('optim','solver_stopped_premature','CSHelpWindow');">Solver stopped prematurely</a>.

fmincon stopped because it exceeded the function evaluation limit,
<a href = "matlab: helpview('optim','max_fun_evals','CSHelpWindow');">options.MaxFunctionEvaluations</a> = 5.000000e+01.

   45      49    4.323233e-02    0.000e+00    1.025e-02    1.604e-01
   46      50    4.252778e-02    0.000e+00    1.107e-02    1.654e-01

<a href = "matlab: helpview('optim','solver_stopped_premature','CSHelpWindow');">Solver stopped prematurely</a>.

fmincon stopped because it exceeded the function evaluation limit,
<a href = "matlab: helpview('optim','max_fun_evals','CSHelpWindow');">options.MaxFunctionEvaluations</a> = 5.000000e+01.

                                            First-order      Norm of
 Iter F-count            f(x)  Feasibility   optimality         step
    0       1    1.706146e-02    0.000e+00    1.199e-02
    1       2    1.622739e-02    0.000e+00    6.751e-03    4.246e-02
    2       3    1.609229e-02    0.000e+00    2.152e-03    1.119e-02
    3       4    1.582140e-02    0.000e+00    5.305e-03    3.696e-02
    4       5    1.552961e-02    0.000e+00    7.102e-03    5.430e-02
    5       6    1.516218e-02    0.000e+00    8.260e-03    1.059e-01
    6       7    1.507530e-02    0.000e+00    2.008e-03    1.042e-01
    7       8    1.486582e-02    0.000e+00    1.279e-03    2.164e-02
    8       9    1.475853e-02    0.000e+00    2.328e-03    2.451e-02
    9      10    1.461613e-02    0.000e+00    7.437e-03    6.252e-02
   10      11    1.449874e-02    0.000e+00    2.798e-03    1.354e-01
   11      12    1.438041e-02    0.000e+00    4.190e-03    8.368e-02
   12      13    1.422942e-02    0.000e+00    1.695e-03    3.765e-02
   13      14    1.409747e-02    0.000e+00    1.781e-03    4.788e-02
   14      15    1.393086e-02    0.000e+00    1.262e-03    8.536e-02
   15      16    1.366046e-02    0.000e+00    1.832e-03    1.994e-01
   16      17    1.350236e-02    0.000e+00    2.680e-03    3.652e-01
   17      18    1.312434e-02    0.000e+00    1.945e-03    6.465e-02
   18      19    1.288596e-02    0.000e+00    1.784e-03    7.722e-02
   19      20    1.263493e-02    0.000e+00    4.443e-03    1.158e-01
   20      21    1.226536e-02    0.000e+00    1.906e-03    3.525e-01
   21      22    1.189083e-02    0.000e+00    6.430e-03    1.575e-01
   22      23    1.154818e-02    0.000e+00    5.306e-03    1.607e-01
   23      24    1.128298e-02    0.000e+00    3.638e-03    1.585e-01
   24      25    1.122373e-02    0.000e+00    5.682e-03    1.504e-01
   25      26    1.105532e-02    0.000e+00    2.002e-03    1.115e-01
   26      27    1.092975e-02    0.000e+00    1.379e-03    4.134e-02
   27      28    1.078043e-02    0.000e+00    1.932e-03    1.050e-01
   28      29    1.057303e-02    0.000e+00    1.742e-03    1.695e-01
   29      30    1.044483e-02    0.000e+00    4.057e-03    1.821e-01
   30      31    1.025304e-02    0.000e+00    1.332e-03    1.093e-01

                                            First-order      Norm of
 Iter F-count            f(x)  Feasibility   optimality         step
   31      32    9.973450e-03    0.000e+00    3.080e-03    1.657e-01
   32      33    9.668260e-03    0.000e+00    4.255e-03    3.136e-01
   33      34    9.189963e-03    0.000e+00    1.090e-02    5.081e-01
   34      35    8.871094e-03    0.000e+00    2.733e-03    1.812e-01
   35      36    8.608541e-03    0.000e+00    2.822e-03    1.441e-01
   36      37    8.473394e-03    0.000e+00    2.303e-03    1.520e-01
   37      38    8.113865e-03    0.000e+00    3.492e-03    1.882e-01
   38      39    7.738556e-03    0.000e+00    3.035e-03    2.754e-01
   39      40    7.340038e-03    0.000e+00    5.020e-03    1.213e-01
   40      41    6.937388e-03    0.000e+00    3.594e-03    2.668e-01
   41      42    6.420686e-03    0.000e+00    1.872e-03    1.260e-01
   42      43    5.965902e-03    0.000e+00    1.511e-03    2.518e-01
   43      44    5.503603e-03    0.000e+00    1.443e-03    2.640e-01
   44      46    5.333192e-03    0.000e+00    2.790e-03    3.462e-01
   45      47    5.093910e-03    0.000e+00    1.048e-03    9.534e-02
   46      48    4.983595e-03    0.000e+00    1.661e-03    1.164e-01
   47      49    4.884777e-03    0.000e+00    1.144e-03    6.607e-02
   48      50    4.809670e-03    0.000e+00    1.000e-03    4.242e-02
   49      51    4.746029e-03    0.000e+00    1.107e-03    3.494e-02
   50      52    4.634870e-03    0.000e+00    1.454e-03    1.342e-01
   51      53    4.549018e-03    0.000e+00    1.634e-03    1.842e-01
   52      54    4.385891e-03    0.000e+00    1.331e-03    6.795e-02
   53      55    4.186784e-03    0.000e+00    1.217e-03    1.728e-01
   54      56    3.951503e-03    0.000e+00    1.339e-03    1.340e-01
   55      57    3.568327e-03    0.000e+00    1.376e-03    2.965e-01
   56      58    3.420760e-03    0.000e+00    1.183e-03    8.867e-02
   57      59    3.298434e-03    0.000e+00    1.197e-03    8.472e-02
   58      60    3.204541e-03    0.000e+00    2.235e-03    7.550e-02
   59      61    3.137296e-03    0.000e+00    1.241e-03    6.240e-02
   60      62    3.037941e-03    0.000e+00    1.160e-03    1.157e-01

                                            First-order      Norm of
 Iter F-count            f(x)  Feasibility   optimality         step
   61      63    2.895509e-03    0.000e+00    1.380e-03    1.235e-01
   62      64    2.789255e-03    0.000e+00    1.780e-03    2.158e-01
   63      65    2.676990e-03    0.000e+00    8.350e-04    6.797e-02
   64      66    2.598733e-03    0.000e+00    9.134e-04    2.497e-02
   65      67    2.522124e-03    0.000e+00    8.149e-04    6.089e-02
   66      68    2.473464e-03    0.000e+00    2.057e-03    1.947e-01
   67      69    2.335721e-03    0.000e+00    7.926e-04    1.558e-02
   68      70    2.301745e-03    0.000e+00    5.619e-04    1.356e-02
   69      71    2.243064e-03    0.000e+00    6.271e-04    6.390e-02
   70      72    2.183337e-03    0.000e+00    9.093e-04    5.613e-02
   71      74    2.152649e-03    0.000e+00    3.783e-03    1.128e-01
   72      75    2.079911e-03    0.000e+00    6.814e-04    3.614e-02
   73      76    2.028506e-03    0.000e+00    1.079e-03    3.590e-02
   74      77    1.958318e-03    0.000e+00    2.697e-03    7.908e-02
   75      78    1.858755e-03    0.000e+00    1.312e-03    1.545e-01
   76      79    1.819081e-03    0.000e+00    4.523e-03    3.084e-01
   77      80    1.640971e-03    0.000e+00    2.351e-03    3.284e-02
   78      81    1.479979e-03    0.000e+00    1.604e-03    1.153e-01
   79      82    1.415451e-03    0.000e+00    1.104e-03    8.492e-02
   80      83    1.328477e-03    0.000e+00    1.996e-03    1.665e-01
   81      84    1.272761e-03    0.000e+00    2.096e-03    3.719e-02
   82      85    1.246248e-03    0.000e+00    1.446e-03    2.517e-02
   83      86    1.201220e-03    0.000e+00    6.506e-04    4.700e-02
   84      87    1.177080e-03    0.000e+00    1.494e-03    1.520e-01
   85      88    1.134614e-03    0.000e+00    5.427e-04    3.840e-02
   86      89    1.117112e-03    0.000e+00    4.742e-04    1.743e-02
   87      90    1.099908e-03    0.000e+00    4.216e-04    1.136e-02
   88      91    1.070594e-03    0.000e+00    1.251e-03    4.349e-02
   89      92    1.034482e-03    0.000e+00    6.983e-04    4.358e-02
   90      93    9.877258e-04    0.000e+00    1.541e-03    1.035e-01

<a href = "matlab: helpview('optim','appears_unbounded','CSHelpWindow');">Problem appears unbounded</a>.

fmincon stopped because the objective function value is less than
the value of the <a href = "matlab: helpview('optim','objective_limit','CSHelpWindow');">objective function limit</a> and constraints 
are satisfied to within the value of the <a href = "matlab: helpview('optim','constraint_tolerance','CSHelpWindow');">constraint tolerance</a>.

<<a href = "matlab: createExitMsg({'optimlib:sqpLineSearch:ExitNeg3basic','fmincon'},{'optimlib:sqpLineSearch:ExitNeg3detailed','fmincon','9.877258e-04','1.000000e-03','0.000000e+00','1.000000e-06'},true,true);;">stopping criteria details</a>>
operator infidelity 9.877258e-04
state infidelity 1.769565e-03
IdleTimeout has been reached.
Parallel pool using the 'local' profile is shutting down.
